880030000 1 8
880030001 6 3
880030002 6 1
880030003 2 2
880030004 5 8
880030005 2 7
880030006 7 5
880030007 1 6
880030008 3 4
880030009 7 2
880030010 3 2
880030011 3 6
880030012 7 8
880030013 3 1
880030014 8 1
880030015 8 6
880030016 3 5
880030017 4 2
880030018 5 3
880030019 1 3
880030020 2 2
880030021 6 8
880030022 0 1
880030023 6 7
880030024 4 1
880030025 4 5
880030026 4 3
880030027 7 0
880030028 5 2
880030029 4 7
880030030 3 3
880030031 5 8
880030032 3 2
880030033 8 6
880030034 8 2
880030035 0 8
880030036 3 8
880030037 5 7
880030038 0 4
880030039 1 8
880030040 4 3
880030041 1 4
880030042 0 1
880030043 8 0
880030044 6 7
880030045 6 4
880030046 5 2
880030047 4 1
880030048 3 6
880030049 7 1
880030050 5 8
880030051 2 1
880030052 6 0
880030053 2 6
880030054 4 6
880030055 8 6
880030056 2 5
880030057 0 8
880030058 3 2
880030059 4 8
880030060 4 5
880030061 8 2
880030062 4 0
880030063 6 7
880030064 6 6
880030065 5 8
880030066 4 8
880030067 4 4
880030068 7 3
880030069 5 3
880030070 6 1
880030071 1 8
880030072 5 3
880030073 5 6
880030074 8 6
880030075 1 3
880030076 2 1
880030077 1 5
880030078 8 6
880030079 8 5
880030080 7 0
880030081 0 0
880030082 8 4
880030083 5 0
880030084 8 0
880030085 6 5
880030086 3 2
880030087 0 2
880030088 8 8
880030089 3 3
880030090 0 3
880030091 0 4
880030092 0 4
880030093 7 3
880030094 3 6
880030095 2 5
880030096 8 8
880030097 4 7
880030098 5 4
880030099 5 6
880030100 5 3
880030101 3 5
880030102 7 7
880030103 7 7
880030104 5 1
880030105 2 3
880030106 1 1
880030107 3 4
880030108 0 3
880030109 8 0
880030110 3 1
880030111 6 7
880030112 7 0
880030113 7 5
880030114 3 4
880030115 1 4
880030116 8 5
880030117 0 2
880030118 2 4
880030119 0 0
880030120 5 7
880030121 4 2
880030122 5 1
880030123 4 4
880030124 2 6
880030125 0 7
880030126 1 0
880030127 4 6
880030128 2 8
880030129 5 7
880030130 3 7
880030131 3 0
880030132 2 6
880030133 5 2
880030134 4 6
880030135 4 0
880030136 8 4
880030137 6 7
880030138 1 7
880030139 4 2
880030140 1 7
880030141 4 3
880030142 6 8
880030143 0 3
880030144 6 8
880030145 8 4
880030146 0 4
880030147 6 4
880030148 2 5
880030149 5 1
880030150 6 2
880030151 6 5
880030152 0 0
880030153 3 8
880030154 5 2
880030155 8 2
880030156 8 8
880030157 2 4
880030158 3 5
880030159 5 7
880030160 6 3
880030161 5 2
880030162 5 2
880030163 6 7
880030164 1 2
880030165 0 6
880030166 1 1
880030167 0 8
880030168 8 8
880030169 8 0
880030170 6 5
880030171 1 6
880030172 5 0
880030173 5 7
880030174 1 3
880030175 3 1
880030176 3 2
880030177 2 5
880030178 2 6
880030179 0 6
880030180 8 6
880030181 5 1
880030182 3 7
880030183 1 2
880030184 6 7
880030185 3 0
880030186 6 3
880030187 5 1
880030188 3 6
880030189 5 7
880030190 2 6
880030191 6 3
880030192 8 2
880030193 1 4
880030194 0 3
880030195 4 6
880030196 6 3
880030197 0 7
880030198 6 8
880030199 7 7
880030200 5 1
880030201 3 4
880030202 5 0
880030203 3 7
880030204 7 4
880030205 0 4
880030206 6 2
880030207 8 1
880030208 2 3
880030209 5 0
880030210 2 7
880030211 1 6
880030212 5 1
880030213 2 5
880030214 7 2
880030215 8 5
880030216 0 4
880030217 5 3
880030218 7 8
880030219 5 4
880030220 2 2
880030221 0 7
880030222 2 3
880030223 2 1
880030224 7 0
880030225 8 5
880030226 3 7
880030227 3 4
880030228 3 0
880030229 3 3
880030230 3 0
880030231 8 6
880030232 2 2
880030233 8 0
880030234 6 5
880030235 7 1
880030236 0 1
880030237 6 5
880030238 8 2
880030239 8 5
880030240 3 0
880030241 4 5
880030242 8 6
880030243 2 8
880030244 8 4
880030245 7 1
880030246 8 0
880030247 5 6
880030248 2 4
880030249 1 8
880030250 0 6
880030251 5 8
880030252 7 4
880030253 6 2
880030254 8 2
880030255 1 1
880030256 6 6
880030257 3 3
880030258 7 7
880030259 8 3
880030260 6 5
880030261 1 3
880030262 2 4
880030263 7 0
880030264 6 3
880030265 6 4
880030266 7 2
880030267 6 0
880030268 0 0
880030269 5 2
880030270 7 0
880030271 2 1
880030272 4 6
880030273 4 8
880030274 2 3
880030275 4 4
880030276 1 6
880030277 2 6
880030278 4 7
880030279 1 1
880030280 4 0
880030281 2 3
880030282 1 1
880030283 6 2
880030284 2 0
880030285 6 6
880030286 3 6
880030287 6 4
880030288 0 8
880030289 1 1
880030290 2 5
880030291 6 5
880030292 8 2
880030293 8 3
880030294 7 3
880030295 0 0
880030296 7 0
880030297 2 7
880030298 2 2
880030299 3 5
880030300 3 6
880030301 2 4
880030302 6 1
880030303 8 7
880030304 5 1
880030305 2 6
880030306 6 6
880030307 7 5
880030308 1 4
880030309 1 1
880030310 1 8
880030311 8 6
880030312 0 4
880030313 3 8
880030314 1 4
880030315 8 8
880030316 2 6
880030317 7 0
880030318 2 0
880030319 8 8
880030320 5 2
880030321 0 5
880030322 1 6
880030323 1 7
880030324 5 0
880030325 5 5
880030326 6 5
880030327 3 1
880030328 6 7
880030329 0 2
880030330 7 7
880030331 8 0
880030332 6 2
880030333 6 0
880030334 4 7
880030335 1 5
880030336 6 7
880030337 0 5
880030338 3 0
880030339 3 3
880030340 0 7
880030341 5 4
880030342 0 6
880030343 6 8
880030344 7 5
880030345 3 1
880030346 3 7
880030347 4 5
880030348 4 1
880030349 6 0
880030350 3 8
880030351 6 6
880030352 7 8
880030353 8 7
880030354 7 1
880030355 5 8
880030356 4 6
880030357 0 3
880030358 7 2
880030359 3 2
880030360 0 7
880030361 1 8
880030362 7 8
880030363 0 7
880030364 8 4
880030365 2 5
880030366 8 1
880030367 2 1
880030368 2 5
880030369 4 5
880030370 8 7
880030371 8 2
880030372 1 6
880030373 5 1
880030374 5 2
880030375 5 2
880030376 5 1
880030377 8 4
880030378 1 1
880030379 1 4
880030380 4 6
880030381 2 2
880030382 5 0
880030383 7 2
880030384 6 4
880030385 2 2
880030386 2 6
880030387 0 1
880030388 7 7
880030389 8 0
880030390 6 2
880030391 8 1
880030392 2 2
880030393 2 6
880030394 7 3
880030395 6 2
880030396 0 5
880030397 3 4
880030398 2 7
880030399 3 0
880030400 6 3
880030401 7 4
880030402 8 3
880030403 4 1
880030404 2 7
880030405 7 5
880030406 4 6
880030407 3 8
880030408 5 8
880030409 7 2
880030410 0 7
880030411 4 1
880030412 5 7
880030413 7 7
880030414 0 7
880030415 5 6
880030416 1 2
880030417 3 7
880030418 7 0
880030419 1 1
880030420 7 2
880030421 6 0
880030422 8 8
880030423 2 5
880030424 6 5
880030425 4 7
880030426 6 3
880030427 2 1
880030428 8 2
880030429 3 3
880030430 3 8
880030431 0 0
880030432 1 4
880030433 8 3
880030434 0 4
880030435 2 0
880030436 4 2
880030437 3 4
880030438 2 3
880030439 2 6
880030440 8 4
880030441 3 3
880030442 5 4
880030443 4 8
880030444 1 8
880030445 0 7
880030446 3 8
880030447 6 4
880030448 3 6
880030449 2 5
880030450 2 5
880030451 6 4
880030452 0 5
880030453 0 8
880030454 3 7
880030455 3 5
880030456 5 5
880030457 2 1
880030458 4 2
880030459 7 2
880030460 6 8
880030461 5 2
880030462 7 6
880030463 3 5
880030464 8 0
880030465 2 8
880030466 6 0
880030467 1 4
880030468 7 7
880030469 2 8
880030470 3 8
880030471 8 7
880030472 6 7
880030473 4 7
880030474 1 1
880030475 4 8
880030476 3 2
880030477 1 0
880030478 0 0
880030479 0 1
880030480 4 3
880030481 4 0
880030482 4 2
880030483 2 7
880030484 0 2
880030485 7 0
880030486 6 8
880030487 7 3
880030488 8 3
880030489 3 1
880030490 4 7
880030491 4 4
880030492 1 3
880030493 1 0
880030494 6 1
880030495 7 8
880030496 4 5
880030497 4 7
880030498 2 1
880030499 8 8
880030500 8 4
880030501 1 8
880030502 5 8
880030503 1 6
880030504 2 3
880030505 7 8
880030506 4 3
880030507 5 1
880030508 5 8
880030509 4 0
880030510 8 4
880030511 5 5
880030512 5 2
880030513 7 3
880030514 1 3
880030515 6 6
880030516 3 1
880030517 0 0
880030518 0 2
880030519 4 8
880030520 0 1
880030521 6 7
880030522 2 5
880030523 3 8
880030524 4 4
880030525 0 3
880030526 3 3
880030527 5 7
880030528 7 7
880030529 8 2
880030530 2 4
880030531 0 0
880030532 5 1
880030533 2 4
880030534 1 7
880030535 1 2
880030536 4 5
880030537 5 6
880030538 4 5
880030539 6 5
880030540 1 5
880030541 4 7
880030542 1 0
880030543 3 0
880030544 4 6
880030545 1 7
880030546 2 2
880030547 1 4
880030548 5 1
880030549 5 2
880030550 2 5
880030551 8 2
880030552 6 1
880030553 3 6
880030554 3 5
880030555 1 1
880030556 7 2
880030557 8 7
880030558 2 6
880030559 1 6
880030560 4 3
880030561 3 7
880030562 0 5
880030563 7 8
880030564 8 8
880030565 0 4
880030566 3 3
880030567 5 3
880030568 7 3
880030569 3 2
880030570 3 8
880030571 5 1
880030572 6 0
880030573 7 5
880030574 3 3
880030575 8 0
880030576 2 7
880030577 7 0
880030578 5 7
880030579 4 6
880030580 4 3
880030581 6 6
880030582 1 2
880030583 3 8
880030584 6 3
880030585 8 0
880030586 4 4
880030587 4 5
880030588 0 7
880030589 5 1
880030590 0 0
880030591 8 0
880030592 4 8
880030593 3 8
880030594 6 2
880030595 3 3
880030596 1 6
880030597 6 1
880030598 3 4
880030599 0 0
880030600 2 2
880030601 3 0
880030602 8 2
880030603 4 3
880030604 6 7
880030605 5 1
880030606 5 6
880030607 3 1
880030608 4 8
880030609 2 4
880030610 3 2
880030611 3 6
880030612 1 0
880030613 7 3
880030614 2 6
880030615 2 2
880030616 4 1
880030617 2 8
880030618 7 1
880030619 8 5
880030620 6 3
880030621 7 8
880030622 0 8
880030623 2 8
880030624 1 7
880030625 4 2
880030626 7 2
880030627 4 5
880030628 2 8
880030629 6 3
880030630 2 2
880030631 3 8
880030632 6 5
880030633 7 2
880030634 5 0
880030635 6 6
880030636 7 5
880030637 1 3
880030638 0 8
880030639 2 2
880030640 0 4
880030641 6 2
880030642 4 4
880030643 5 1
880030644 7 7
880030645 5 8
880030646 6 7
880030647 7 3
880030648 2 8
880030649 7 1
880030650 1 2
880030651 3 7
880030652 2 1
880030653 2 7
880030654 0 0
880030655 2 2
880030656 0 8
880030657 1 8
880030658 5 6
880030659 5 3
880030660 6 6
880030661 6 1
880030662 7 8
880030663 2 0
880030664 3 8
880030665 6 0
880030666 0 2
880030667 8 5
880030668 0 2
880030669 1 8
880030670 4 4
880030671 0 5
880030672 4 5
880030673 2 8
880030674 2 0
880030675 1 1
880030676 4 5
880030677 2 8
880030678 7 4
880030679 8 2
880030680 8 0
880030681 7 5
880030682 3 0
880030683 2 7
880030684 4 5
880030685 8 1
880030686 7 4
880030687 8 4
880030688 7 8
880030689 1 0
880030690 8 2
880030691 0 2
880030692 1 4
880030693 0 7
880030694 1 0
880030695 8 1
880030696 1 1
880030697 3 0
880030698 8 8
880030699 7 2
880030700 7 1
880030701 4 1
880030702 5 6
880030703 0 5
880030704 3 0
880030705 5 5
880030706 4 4
880030707 5 1
880030708 7 8
880030709 5 5
880030710 5 2
880030711 0 5
880030712 7 0
880030713 6 3
880030714 5 0
880030715 4 0
880030716 6 4
880030717 3 1
880030718 4 1
880030719 4 6
880030720 0 5
880030721 4 4
880030722 8 5
880030723 1 4
880030724 2 8
880030725 0 3
880030726 0 5
880030727 7 8
880030728 0 8
880030729 6 4
880030730 3 8
880030731 1 0
880030732 3 0
880030733 7 8
880030734 1 7
880030735 7 7
880030736 4 8
880030737 0 4
880030738 8 6
880030739 8 6
880030740 8 5
880030741 0 2
880030742 7 2
880030743 6 8
880030744 2 0
880030745 7 2
880030746 5 2
880030747 0 5
880030748 6 3
880030749 3 2
880030750 3 3
880030751 4 6
880030752 2 2
880030753 0 7
880030754 8 0
880030755 5 3
880030756 1 4
880030757 6 7
880030758 3 1
880030759 3 3
880030760 8 8
880030761 8 4
880030762 8 3
880030763 7 0
880030764 7 3
880030765 8 7
880030766 2 2
880030767 5 8
880030768 2 7
880030769 5 8
880030770 8 6
880030771 8 6
880030772 4 2
880030773 4 0
880030774 5 8
880030775 4 1
880030776 2 6
880030777 1 3
880030778 5 2
880030779 4 7
880030780 5 1
880030781 2 3
880030782 8 6
880030783 5 5
880030784 3 6
880030785 0 3
880030786 6 3
880030787 1 5
880030788 3 1
880030789 2 4
880030790 3 8
880030791 2 8
880030792 2 4
880030793 6 6
880030794 8 6
880030795 6 2
880030796 4 4
880030797 1 4
880030798 4 3
880030799 3 4
880030800 6 5
880030801 5 4
880030802 4 6
880030803 1 6
880030804 2 3
880030805 5 3
880030806 0 0
880030807 8 4
880030808 6 4
880030809 4 4
880030810 0 4
880030811 2 0
880030812 5 2
880030813 2 5
880030814 4 3
880030815 7 7
880030816 8 3
880030817 7 0
880030818 0 2
880030819 2 2
880030820 0 4
880030821 4 1
880030822 5 8
880030823 4 4
880030824 5 7
880030825 2 4
880030826 8 8
880030827 0 5
880030828 6 5
880030829 2 4
880030830 3 8
880030831 0 6
880030832 6 2
880030833 7 2
880030834 3 0
880030835 0 8
880030836 7 4
880030837 7 3
880030838 6 6
880030839 2 2
880030840 6 3
880030841 4 7
880030842 1 7
880030843 0 4
880030844 4 1
880030845 3 3
880030846 5 4
880030847 0 0
880030848 6 4
880030849 0 1
880030850 0 5
880030851 4 8
880030852 3 8
880030853 0 1
880030854 1 1
880030855 6 4
880030856 3 4
880030857 3 6
880030858 5 2
880030859 8 8
880030860 0 4
880030861 4 7
880030862 6 7
880030863 5 7
880030864 5 2
880030865 8 3
880030866 1 7
880030867 1 4
880030868 7 4
880030869 7 4
880030870 1 4
880030871 1 7
880030872 5 0
880030873 4 4
880030874 1 1
880030875 7 3
880030876 7 6
880030877 4 5
880030878 5 5
880030879 2 5
880030880 5 0
880030881 1 2
880030882 5 2
880030883 2 5
880030884 0 6
880030885 2 5
880030886 7 3
880030887 1 4
880030888 8 4
880030889 8 3
880030890 4 0
880030891 0 7
880030892 6 0
880030893 5 8
880030894 4 4
880030895 7 2
880030896 3 8
880030897 8 8
880030898 0 5
880030899 7 0
880030900 5 0
880030901 4 0
880030902 4 2
880030903 0 4
880030904 2 4
880030905 5 3
880030906 2 7
880030907 2 1
880030908 3 8
880030909 8 4
880030910 3 0
880030911 6 8
880030912 3 2
880030913 4 3
880030914 1 5
880030915 3 3
880030916 6 4
880030917 0 0
880030918 6 5
880030919 5 5
880030920 3 3
880030921 7 0
880030922 7 3
880030923 2 2
880030924 6 2
880030925 1 4
880030926 7 1
880030927 8 2
880030928 2 1
880030929 1 8
880030930 0 3
880030931 0 5
880030932 2 2
880030933 5 1
880030934 5 7
880030935 0 0
880030936 1 2
880030937 7 2
880030938 7 6
880030939 5 1
880030940 5 3
880030941 5 8
880030942 4 1
880030943 6 7
880030944 7 1
880030945 4 4
880030946 1 3
880030947 6 6
880030948 1 2
880030949 7 7
880030950 7 6
880030951 1 3
880030952 5 2
880030953 8 1
880030954 6 0
880030955 4 5
880030956 2 1
880030957 5 2
880030958 1 5
880030959 2 8
880030960 5 3
880030961 0 3
880030962 1 6
880030963 1 1
880030964 7 4
880030965 7 6
880030966 2 6
880030967 5 6
880030968 2 6
880030969 1 0
880030970 3 4
880030971 0 8
880030972 0 7
880030973 2 1
880030974 4 5
880030975 6 1
880030976 1 8
880030977 4 5
880030978 0 5
880030979 3 0
880030980 7 1
880030981 8 1
880030982 1 6
880030983 2 0
880030984 0 7
880030985 6 4
880030986 1 0
880030987 4 7
880030988 8 1
880030989 5 6
880030990 5 6
880030991 7 7
880030992 0 1
880030993 1 2
880030994 0 1
880030995 1 0
880030996 6 3
880030997 0 7
880030998 1 4
880030999 5 2
880031000 2 4
880031001 2 4
880031002 2 0
880031003 1 7
880031004 5 2
880031005 1 0
880031006 3 1
880031007 7 2
880031008 1 1
880031009 5 2
880031010 6 1
880031011 5 3
880031012 4 1
880031013 7 7
880031014 4 3
880031015 0 8
880031016 8 7
880031017 5 3
880031018 0 5
880031019 4 1
880031020 5 3
880031021 4 6
880031022 5 2
880031023 3 3
880031024 3 5
880031025 2 8
880031026 8 2
880031027 4 1
880031028 2 3
880031029 4 7
880031030 4 2
880031031 0 8
880031032 2 3
880031033 6 5
880031034 8 0
880031035 1 0
880031036 0 5
880031037 2 0
880031038 8 7
880031039 0 1
880031040 4 5
880031041 5 1
880031042 0 6
880031043 8 5
880031044 4 2
880031045 1 6
880031046 7 4
880031047 8 1
880031048 1 0
880031049 6 1
880031050 3 0
880031051 5 4
880031052 4 3
880031053 7 7
880031054 6 3
880031055 4 4
880031056 2 5
880031057 6 4
880031058 8 5
880031059 5 2
880031060 5 5
880031061 3 5
880031062 4 3
880031063 4 1
880031064 8 5
880031065 8 4
880031066 8 8
880031067 1 7
880031068 1 0
880031069 6 0
880031070 0 6
880031071 6 8
880031072 0 1
880031073 3 7
880031074 0 5
880031075 0 0
880031076 1 7
880031077 3 7
880031078 6 4
880031079 5 0
880031080 8 7
880031081 7 7
880031082 1 8
880031083 0 0
880031084 8 1
880031085 4 0
880031086 7 4
880031087 2 2
880031088 5 5
880031089 6 0
880031090 3 4
880031091 3 4
880031092 0 4
880031093 4 3
880031094 1 1
880031095 2 1
880031096 4 0
880031097 4 3
880031098 1 4
880031099 2 2
880031100 0 5
880031101 6 4
880031102 6 4
880031103 6 5
880031104 0 5
880031105 3 7
880031106 2 7
880031107 7 7
880031108 8 6
880031109 7 3
880031110 0 5
880031111 6 1
880031112 5 2
880031113 8 8
880031114 8 1
880031115 0 6
880031116 7 6
880031117 1 4
880031118 8 8
880031119 6 3
880031120 4 4
880031121 3 0
880031122 6 3
880031123 6 3
880031124 2 2
880031125 7 6
880031126 5 4
880031127 8 4
880031128 7 6
880031129 0 4
880031130 3 3
880031131 7 7
880031132 6 6
880031133 8 8
880031134 2 7
880031135 2 3
880031136 7 6
880031137 3 5
880031138 8 1
880031139 6 6
880031140 1 3
880031141 5 3
880031142 5 5
880031143 7 5
880031144 3 8
880031145 0 1
880031146 1 7
880031147 1 0
880031148 1 1
880031149 3 4
880031150 7 0
880031151 5 0
880031152 7 8
880031153 2 5
880031154 4 3
880031155 5 8
880031156 8 7
880031157 5 6
880031158 0 1
880031159 8 4
880031160 4 1
880031161 4 7
880031162 8 8
880031163 3 6
880031164 1 1
880031165 5 7
880031166 4 4
880031167 6 6
880031168 4 6
880031169 1 4
880031170 7 4
880031171 8 8
880031172 3 6
880031173 4 2
880031174 6 7
880031175 6 4
880031176 2 2
880031177 6 7
880031178 5 0
880031179 8 8
880031180 5 4
880031181 1 4
880031182 3 8
880031183 3 6
880031184 3 2
880031185 6 3
880031186 5 2
880031187 4 6
880031188 8 8
880031189 6 1
880031190 0 0
880031191 2 1
880031192 1 6
880031193 2 5
880031194 4 2
880031195 1 7
880031196 3 2
880031197 8 1
880031198 1 2
880031199 0 2
880031200 5 2
880031201 4 7
880031202 2 6
880031203 6 2
880031204 5 1
880031205 1 5
880031206 5 4
880031207 5 3
880031208 8 2
880031209 3 8
880031210 3 4
880031211 1 0
880031212 2 4
880031213 2 4
880031214 3 3
880031215 2 6
880031216 7 6
880031217 0 1
880031218 7 8
880031219 8 4
880031220 8 2
880031221 3 8
880031222 0 6
880031223 6 2
880031224 0 8
880031225 3 5
880031226 2 1
880031227 6 0
880031228 8 0
880031229 7 5
880031230 5 4
880031231 8 7
880031232 4 6
880031233 4 7
880031234 7 8
880031235 4 1
880031236 7 2
880031237 6 3
880031238 8 7
880031239 4 5
880031240 8 2
880031241 2 5
880031242 8 3
880031243 3 3
880031244 6 0
880031245 1 4
880031246 3 0
880031247 1 1
880031248 8 5
880031249 1 0
880031250 4 2
880031251 4 7
880031252 5 0
880031253 4 8
880031254 8 2
880031255 0 6
880031256 3 7
880031257 6 7
880031258 7 8
880031259 8 2
880031260 3 5
880031261 7 6
880031262 7 4
880031263 7 0
880031264 5 2
880031265 2 5
880031266 4 1
880031267 4 5
880031268 0 8
880031269 0 5
880031270 7 2
880031271 8 4
880031272 6 4
880031273 8 8
880031274 5 0
880031275 8 5
880031276 1 6
880031277 2 4
880031278 2 4
880031279 8 5
880031280 6 5
880031281 8 1
880031282 2 7
880031283 0 2
880031284 5 1
880031285 8 4
880031286 4 0
880031287 6 6
880031288 4 5
880031289 3 5
880031290 7 2
880031291 4 3
880031292 1 7
880031293 4 1
880031294 3 0
880031295 2 3
880031296 3 4
880031297 2 1
880031298 2 2
880031299 8 6
880031300 2 0
880031301 8 1
880031302 5 4
880031303 3 6
880031304 0 7
880031305 8 5
880031306 6 6
880031307 2 0
880031308 3 7
880031309 4 6
880031310 7 1
880031311 0 6
880031312 6 4
880031313 3 7
880031314 8 6
880031315 0 4
880031316 0 5
880031317 4 8
880031318 0 7
880031319 4 4
880031320 3 4
880031321 4 7
880031322 6 8
880031323 5 2
880031324 5 3
880031325 7 2
880031326 6 1
880031327 8 0
880031328 5 1
880031329 5 8
880031330 5 2
880031331 3 8
880031332 4 3
880031333 3 7
880031334 7 8
880031335 2 4
880031336 1 6
880031337 5 6
880031338 7 2
880031339 4 6
880031340 5 8
880031341 6 6
880031342 7 3
880031343 3 3
880031344 2 6
880031345 7 7
880031346 6 3
880031347 2 1
880031348 0 7
880031349 5 7
880031350 3 3
880031351 1 5
880031352 5 3
880031353 7 2
880031354 7 3
880031355 8 0
880031356 7 7
880031357 4 8
880031358 0 3
880031359 8 5
880031360 3 4
880031361 7 0
880031362 3 6
880031363 7 4
880031364 3 8
880031365 2 3
880031366 7 1
880031367 7 3
880031368 2 0
880031369 8 6
880031370 2 6
880031371 4 6
880031372 4 3
880031373 8 4
880031374 3 2
880031375 1 4
880031376 8 6
880031377 0 0
880031378 8 4
880031379 7 3
880031380 5 6
880031381 8 6
880031382 0 0
880031383 3 0
880031384 2 5
880031385 6 3
880031386 6 5
880031387 1 4
880031388 4 3
880031389 1 7
880031390 0 2
880031391 1 4
880031392 3 0
880031393 2 8
880031394 8 2
880031395 0 4
880031396 1 4
880031397 1 0
880031398 6 0
880031399 7 1
880031400 7 3
880031401 4 1
880031402 6 3
880031403 1 0
880031404 6 5
880031405 1 0
880031406 0 5
880031407 7 5
880031408 6 4
880031409 6 8
880031410 6 5
880031411 1 4
880031412 5 5
880031413 0 6
880031414 5 1
880031415 5 7
880031416 8 2
880031417 1 1
880031418 4 6
880031419 7 4
880031420 4 6
880031421 6 3
880031422 6 4
880031423 0 4
880031424 1 1
880031425 7 7
880031426 7 5
880031427 1 1
880031428 7 7
880031429 6 2
880031430 2 1
880031431 7 3
880031432 3 8
880031433 4 1
880031434 7 7
880031435 0 8
880031436 8 2
880031437 2 6
880031438 6 7
880031439 7 2
880031440 6 6
880031441 7 2
880031442 3 4
880031443 2 4
880031444 0 1
880031445 0 2
880031446 7 2
880031447 2 5
880031448 6 4
880031449 0 5
880031450 3 3
880031451 7 7
880031452 3 2
880031453 7 6
880031454 1 6
880031455 6 5
880031456 3 3
880031457 2 2
880031458 1 1
880031459 2 3
880031460 2 5
880031461 5 6
880031462 7 2
880031463 3 3
880031464 5 4
880031465 7 4
880031466 8 7
880031467 1 1
880031468 8 7
880031469 0 2
880031470 2 5
880031471 8 4
880031472 4 2
880031473 8 1
880031474 7 7
880031475 0 1
880031476 0 4
880031477 1 2
880031478 4 2
880031479 4 0
880031480 3 2
880031481 4 1
880031482 3 8
880031483 5 0
880031484 5 2
880031485 5 6
880031486 1 5
880031487 3 5
880031488 4 8
880031489 1 4
880031490 5 7
880031491 2 5
880031492 2 2
880031493 0 1
880031494 2 5
880031495 7 4
880031496 2 6
880031497 8 4
880031498 0 2
880031499 2 5
880031500 6 2
880031501 6 6
880031502 1 1
880031503 5 3
880031504 0 8
880031505 3 8
880031506 6 6
880031507 7 2
880031508 2 6
880031509 3 6
880031510 3 7
880031511 2 2
880031512 7 5
880031513 0 5
880031514 5 0
880031515 1 5
880031516 3 0
880031517 1 2
880031518 7 4
880031519 3 1
880031520 0 2
880031521 2 5
880031522 6 7
880031523 8 1
880031524 5 4
880031525 2 5
880031526 4 2
880031527 0 1
880031528 1 7
880031529 0 5
880031530 2 8
880031531 3 7
880031532 7 2
880031533 0 1
880031534 8 5
880031535 7 8
880031536 6 1
880031537 4 8
880031538 1 0
880031539 6 4
880031540 3 5
880031541 8 6
880031542 6 1
880031543 8 4
880031544 0 5
880031545 1 4
880031546 2 7
880031547 3 6
880031548 0 2
880031549 0 1
880031550 1 0
880031551 8 4
880031552 7 8
880031553 6 6
880031554 6 8
880031555 6 8
880031556 0 8
880031557 7 1
880031558 1 2
880031559 5 1
880031560 3 3
880031561 5 2
880031562 1 7
880031563 2 8
880031564 4 2
880031565 2 6
880031566 4 4
880031567 8 2
880031568 5 3
880031569 7 3
880031570 0 7
880031571 0 8
880031572 8 6
880031573 7 1
880031574 0 4
880031575 5 2
880031576 1 4
880031577 7 3
880031578 8 3
880031579 4 1
880031580 4 1
880031581 1 0
880031582 7 6
880031583 1 0
880031584 1 3
880031585 8 0
880031586 6 0
880031587 4 2
880031588 6 6
880031589 4 8
880031590 0 6
880031591 7 5
880031592 5 5
880031593 3 8
880031594 8 1
880031595 0 2
880031596 4 8
880031597 5 4
880031598 3 1
880031599 1 1
880031600 2 3
880031601 5 1
880031602 8 5
880031603 7 3
880031604 8 8
880031605 0 2
880031606 7 3
880031607 7 7
880031608 4 7
880031609 0 7
880031610 1 6
880031611 4 5
880031612 4 2
880031613 8 5
880031614 1 1
880031615 0 2
880031616 8 6
880031617 7 6
880031618 1 6
880031619 0 8
880031620 2 0
880031621 4 0
880031622 3 7
880031623 1 0
880031624 0 6
880031625 8 1
880031626 4 8
880031627 4 7
880031628 2 2
880031629 1 4
880031630 6 0
880031631 6 4
880031632 1 7
880031633 3 8
880031634 7 3
880031635 6 2
880031636 2 2
880031637 7 3
880031638 2 0
880031639 8 7
880031640 6 5
880031641 1 4
880031642 4 2
880031643 3 6
880031644 0 2
880031645 3 2
880031646 0 2
880031647 2 7
880031648 3 2
880031649 7 5
880031650 5 2
880031651 1 7
880031652 1 0
880031653 1 2
880031654 7 5
880031655 5 4
880031656 4 2
880031657 1 2
880031658 2 4
880031659 1 4
880031660 4 8
880031661 8 6
880031662 8 7
880031663 8 2
880031664 7 2
880031665 4 7
880031666 4 2
880031667 4 3
880031668 1 1
880031669 7 3
880031670 3 6
880031671 3 4
880031672 7 2
880031673 5 8
880031674 2 2
880031675 8 4
880031676 3 3
880031677 4 2
880031678 5 2
880031679 5 7
880031680 5 7
880031681 3 8
880031682 0 7
880031683 8 5
880031684 2 8
880031685 5 7
880031686 2 4
880031687 7 5
880031688 4 1
880031689 1 6
880031690 6 7
880031691 1 5
880031692 6 1
880031693 2 6
880031694 6 5
880031695 6 0
880031696 2 0
880031697 4 4
880031698 3 5
880031699 8 4
880031700 2 5
880031701 5 7
880031702 5 3
880031703 2 4
880031704 0 5
880031705 1 5
880031706 3 4
880031707 2 8
880031708 4 1
880031709 4 8
880031710 5 5
880031711 2 1
880031712 5 2
880031713 4 3
880031714 0 0
880031715 8 5
880031716 1 3
880031717 7 6
880031718 6 6
880031719 7 6
880031720 4 2
880031721 1 3
880031722 5 0
880031723 5 0
880031724 1 3
880031725 4 5
880031726 2 1
880031727 0 6
880031728 7 6
880031729 7 7
880031730 3 7
880031731 4 0
880031732 3 7
880031733 4 3
880031734 5 8
880031735 6 2
880031736 5 2
880031737 5 2
880031738 0 5
880031739 4 7
880031740 3 1
880031741 4 1
880031742 6 4
880031743 5 2
880031744 5 7
880031745 2 0
880031746 0 2
880031747 8 0
880031748 8 7
880031749 4 0
880031750 6 7
880031751 1 2
880031752 3 7
880031753 3 7
880031754 0 5
880031755 2 1
880031756 1 1
880031757 2 7
880031758 4 0
880031759 8 0
880031760 8 5
880031761 5 8
880031762 4 0
880031763 4 0
880031764 0 2
880031765 3 7
880031766 6 5
880031767 0 2
880031768 1 0
880031769 6 6
880031770 0 1
880031771 5 7
880031772 4 2
880031773 5 0
880031774 1 0
880031775 1 7
880031776 4 0
880031777 2 3
880031778 4 3
880031779 7 7
880031780 1 2
880031781 0 4
880031782 4 3
880031783 7 8
880031784 4 7
880031785 3 2
880031786 3 5
880031787 6 4
880031788 3 5
880031789 7 8
880031790 6 8
880031791 7 8
880031792 2 4
880031793 8 2
880031794 1 8
880031795 4 8
880031796 8 3
880031797 1 5
880031798 5 4
880031799 5 1
880031800 5 2
880031801 3 6
880031802 6 6
880031803 6 0
880031804 5 5
880031805 8 5
880031806 4 0
880031807 2 8
880031808 6 0
880031809 2 7
880031810 8 1
880031811 0 4
880031812 0 1
880031813 6 4
880031814 1 2
880031815 5 0
880031816 7 2
880031817 1 3
880031818 0 5
880031819 7 7
880031820 7 6
880031821 3 2
880031822 6 5
880031823 1 7
880031824 7 5
880031825 8 2
880031826 4 3
880031827 4 3
880031828 8 7
880031829 4 8
880031830 7 0
880031831 8 3
880031832 2 0
880031833 4 7
880031834 7 0
880031835 3 5
880031836 2 1
880031837 4 1
880031838 6 5
880031839 0 4
880031840 6 2
880031841 2 7
880031842 5 8
880031843 8 1
880031844 5 3
880031845 6 5
880031846 3 7
880031847 6 5
880031848 6 4
880031849 6 5
880031850 1 3
880031851 5 7
880031852 7 0
880031853 7 7
880031854 2 2
880031855 8 5
880031856 0 4
880031857 2 7
880031858 0 5
880031859 5 0
880031860 7 1
880031861 6 5
880031862 8 8
880031863 6 1
880031864 0 0
880031865 8 2
880031866 5 4
880031867 3 0
880031868 5 4
880031869 1 3
880031870 8 4
880031871 6 3
880031872 2 6
880031873 3 6
880031874 4 3
880031875 1 6
880031876 3 1
880031877 5 3
880031878 2 0
880031879 4 7
880031880 5 4
880031881 2 3
880031882 6 2
880031883 8 5
880031884 5 0
880031885 2 6
880031886 5 7
880031887 5 0
880031888 0 0
880031889 1 4
880031890 2 2
880031891 8 7
880031892 7 0
880031893 1 0
880031894 4 5
880031895 0 8
880031896 0 3
880031897 7 2
880031898 6 8
880031899 3 4
880031900 0 6
880031901 2 3
880031902 5 2
880031903 8 5
880031904 0 7
880031905 0 3
880031906 6 0
880031907 4 6
880031908 4 2
880031909 2 4
880031910 2 7
880031911 5 3
880031912 1 5
880031913 8 5
880031914 8 7
880031915 0 1
880031916 5 6
880031917 6 5
880031918 0 1
880031919 1 0
880031920 2 7
880031921 7 7
880031922 0 3
880031923 5 6
880031924 1 8
880031925 1 7
880031926 2 3
880031927 4 1
880031928 3 1
880031929 3 4
880031930 0 5
880031931 8 1
880031932 1 1
880031933 1 2
880031934 2 2
880031935 2 8
880031936 5 5
880031937 6 8
880031938 5 3
880031939 7 3
880031940 6 1
880031941 3 5
880031942 2 7
880031943 8 4
880031944 7 0
880031945 3 4
880031946 2 1
880031947 1 8
880031948 3 0
880031949 7 5
880031950 6 7
880031951 8 7
880031952 5 0
880031953 2 3
880031954 0 3
880031955 1 5
880031956 0 1
880031957 7 2
880031958 3 0
880031959 2 2
880031960 4 8
880031961 1 0
880031962 1 1
880031963 1 6
880031964 7 4
880031965 6 7
880031966 5 0
880031967 2 7
880031968 5 8
880031969 3 3
880031970 4 3
880031971 4 8
880031972 0 3
880031973 3 7
880031974 8 0
880031975 6 3
880031976 7 5
880031977 6 4
880031978 1 2
880031979 3 4
880031980 6 1
880031981 3 1
880031982 8 8
880031983 3 7
880031984 4 3
880031985 5 7
880031986 4 7
880031987 2 6
880031988 7 0
880031989 0 4
880031990 1 2
880031991 7 1
880031992 4 0
880031993 1 8
880031994 1 0
880031995 4 5
880031996 7 7
880031997 5 8
880031998 4 4
880031999 6 1
880032000 2 2
880032001 1 5
880032002 0 5
880032003 1 4
880032004 3 3
880032005 5 8
880032006 3 2
880032007 3 7
880032008 8 6
880032009 2 3
880032010 1 8
880032011 7 1
880032012 0 1
880032013 1 4
880032014 3 0
880032015 6 0
880032016 5 7
880032017 1 6
880032018 7 4
880032019 0 1
880032020 8 2
880032021 6 5
880032022 0 0
880032023 4 0
880032024 6 1
880032025 7 2
880032026 4 5
880032027 2 5
880032028 3 4
880032029 4 2
880032030 1 7
880032031 4 8
880032032 2 1
880032033 2 7
880032034 2 4
880032035 5 0
880032036 5 4
880032037 5 1
880032038 2 1
880032039 5 7
880032040 4 0
880032041 1 6
880032042 5 1
880032043 5 8
880032044 3 6
880032045 7 5
880032046 0 6
880032047 3 5
880032048 5 5
880032049 6 7
880032050 2 7
880032051 5 3
880032052 3 8
880032053 4 3
880032054 6 4
880032055 0 4
880032056 7 4
880032057 4 2
880032058 4 0
880032059 2 0
880032060 4 4
880032061 4 3
880032062 4 0
880032063 6 3
880032064 6 7
880032065 5 3
880032066 5 2
880032067 4 7
880032068 4 1
880032069 6 1
880032070 3 0
880032071 6 2
880032072 4 8
880032073 8 1
880032074 7 5
880032075 3 8
880032076 7 3
880032077 6 3
880032078 8 4
880032079 5 3
880032080 4 7
880032081 1 6
880032082 7 5
880032083 4 4
880032084 1 6
880032085 0 2
880032086 8 6
880032087 1 7
880032088 8 1
880032089 3 1
880032090 0 8
880032091 0 4
880032092 1 2
880032093 7 3
880032094 2 4
880032095 4 0
880032096 7 7
880032097 7 8
880032098 4 0
880032099 2 1
880032100 6 4
880032101 4 0
880032102 2 4
880032103 0 7
880032104 5 6
880032105 6 7
880032106 4 7
880032107 1 5
880032108 3 3
880032109 1 3
880032110 2 0
880032111 5 1
880032112 1 3
880032113 8 1
880032114 7 4
880032115 8 6
880032116 8 5
880032117 6 7
880032118 5 0
880032119 1 8
880032120 3 6
880032121 4 5
880032122 3 5
880032123 2 7
880032124 7 5
880032125 1 5
880032126 1 8
880032127 6 3
880032128 3 4
880032129 6 4
880032130 3 4
880032131 8 8
880032132 3 1
880032133 3 6
880032134 3 1
880032135 4 5
880032136 6 1
880032137 5 0
880032138 2 8
880032139 7 7
880032140 5 8
880032141 4 3
880032142 0 8
880032143 1 4
880032144 8 2
880032145 8 5
880032146 2 5
880032147 2 7
880032148 1 1
880032149 3 5
880032150 7 5
880032151 5 6
880032152 3 6
880032153 4 6
880032154 2 1
880032155 7 0
880032156 8 5
880032157 1 6
880032158 6 8
880032159 7 5
880032160 8 3
880032161 2 0
880032162 4 2
880032163 1 2
880032164 8 2
880032165 7 5
880032166 7 3
880032167 6 2
880032168 3 2
880032169 4 3
880032170 1 4
880032171 4 8
880032172 4 1
880032173 3 0
880032174 5 8
880032175 5 0
880032176 7 6
880032177 3 4
880032178 2 7
880032179 5 3
880032180 0 3
880032181 0 1
880032182 6 4
880032183 2 6
880032184 4 0
880032185 5 3
880032186 1 6
880032187 0 6
880032188 4 2
880032189 8 6
880032190 3 7
880032191 6 3
880032192 1 1
880032193 1 8
880032194 1 7
880032195 8 6
880032196 2 2
880032197 8 1
880032198 0 3
880032199 6 8
880032200 2 3
880032201 7 7
880032202 1 6
880032203 8 5
880032204 4 4
880032205 2 3
880032206 5 5
880032207 5 2
880032208 2 1
880032209 8 4
880032210 8 2
880032211 3 7
880032212 4 8
880032213 3 2
880032214 8 2
880032215 0 6
880032216 6 0
880032217 3 7
880032218 5 0
880032219 3 6
880032220 8 4
880032221 2 3
880032222 2 6
880032223 6 7
880032224 3 8
880032225 3 7
880032226 7 3
880032227 2 7
880032228 0 8
880032229 1 6
880032230 8 3
880032231 8 8
880032232 3 2
880032233 5 1
880032234 8 5
880032235 3 3
880032236 1 3
880032237 5 5
880032238 7 6
880032239 5 2
880032240 4 8
880032241 8 2
880032242 8 3
880032243 6 7
880032244 2 7
880032245 6 6
880032246 5 4
880032247 2 3
880032248 1 8
880032249 3 8
880032250 4 1
880032251 2 0
880032252 7 3
880032253 0 6
880032254 4 8
880032255 8 2
880032256 0 5
880032257 2 5
880032258 0 1
880032259 7 4
880032260 5 3
880032261 1 4
880032262 2 8
880032263 5 6
880032264 7 3
880032265 2 6
880032266 5 7
880032267 3 8
880032268 4 0
880032269 6 6
880032270 7 3
880032271 0 1
880032272 5 2
880032273 5 1
880032274 4 5
880032275 6 1
880032276 0 4
880032277 0 4
880032278 8 5
880032279 7 7
880032280 4 0
880032281 4 7
880032282 7 4
880032283 2 2
880032284 8 1
880032285 3 6
880032286 3 4
880032287 7 5
880032288 6 2
880032289 5 6
880032290 7 3
880032291 5 6
880032292 5 1
880032293 6 2
880032294 1 0
880032295 5 4
880032296 0 5
880032297 0 2
880032298 2 2
880032299 6 8
880032300 1 1
880032301 5 4
880032302 3 7
880032303 3 7
880032304 4 5
880032305 2 2
880032306 1 0
880032307 0 5
880032308 0 2
880032309 7 6
880032310 0 5
880032311 6 8
880032312 1 2
880032313 0 1
880032314 0 2
880032315 0 4
880032316 6 5
880032317 7 6
880032318 2 3
880032319 1 7
880032320 4 4
880032321 4 3
880032322 2 1
880032323 0 3
880032324 3 8
880032325 4 1
880032326 1 4
880032327 3 1
880032328 3 0
880032329 0 7
880032330 5 5
880032331 5 5
880032332 4 6
880032333 1 1
880032334 3 3
880032335 8 0
880032336 7 6
880032337 0 5
880032338 1 0
880032339 2 4
880032340 2 0
880032341 4 3
880032342 5 2
880032343 0 0
880032344 7 6
880032345 1 3
880032346 4 0
880032347 4 5
880032348 8 7
880032349 2 1
880032350 4 5
880032351 2 1
880032352 8 3
880032353 6 1
880032354 5 1
880032355 1 5
880032356 8 6
880032357 1 5
880032358 8 1
880032359 0 2
880032360 0 3
880032361 2 8
880032362 7 6
880032363 4 1
880032364 2 5
880032365 8 8
880032366 3 8
880032367 3 1
880032368 5 0
880032369 0 7
880032370 4 3
880032371 3 4
880032372 4 5
880032373 7 5
880032374 5 8
880032375 6 6
880032376 2 3
880032377 5 7
880032378 8 2
880032379 7 5
880032380 3 6
880032381 2 5
880032382 6 0
880032383 0 7
880032384 3 1
880032385 6 2
880032386 5 0
880032387 5 1
880032388 5 4
880032389 4 4
880032390 5 3
880032391 7 8
880032392 0 7
880032393 0 6
880032394 4 2
880032395 3 1
880032396 3 8
880032397 8 7
880032398 4 4
880032399 2 8
880032400 0 5
880032401 1 5
880032402 1 2
880032403 7 6
880032404 3 2
880032405 4 2
880032406 1 8
880032407 8 1
880032408 4 4
880032409 3 1
880032410 5 1
880032411 0 4
880032412 7 5
880032413 6 2
880032414 7 5
880032415 7 7
880032416 4 1
880032417 0 4
880032418 1 2
880032419 6 0
880032420 0 3
880032421 6 2
880032422 6 4
880032423 3 6
880032424 1 3
880032425 2 4
880032426 7 0
880032427 7 0
880032428 2 0
880032429 2 3
880032430 2 4
880032431 7 7
880032432 6 5
880032433 2 5
880032434 5 0
880032435 4 8
880032436 6 3
880032437 4 7
880032438 2 5
880032439 8 0
880032440 5 7
880032441 3 8
880032442 2 2
880032443 4 2
880032444 3 5
880032445 7 4
880032446 8 2
880032447 6 7
880032448 2 1
880032449 1 3
880032450 3 5
880032451 1 8
880032452 8 6
880032453 5 5
880032454 3 8
880032455 2 6
880032456 5 0
880032457 1 5
880032458 0 2
880032459 2 4
880032460 6 2
880032461 0 1
880032462 8 3
880032463 6 1
880032464 7 3
880032465 6 2
880032466 2 8
880032467 7 0
880032468 6 7
880032469 0 4
880032470 7 0
880032471 4 5
880032472 3 6
880032473 4 5
880032474 5 1
880032475 6 3
880032476 7 3
880032477 6 2
880032478 5 5
880032479 2 6
880032480 6 2
880032481 4 1
880032482 0 7
880032483 3 7
880032484 2 6
880032485 3 8
880032486 8 6
880032487 2 4
880032488 7 0
880032489 1 4
880032490 6 1
880032491 6 1
880032492 3 2
880032493 8 3
880032494 0 1
880032495 4 5
880032496 5 2
880032497 7 0
880032498 4 1
880032499 6 2
880032500 1 7
880032501 0 2
880032502 0 0
880032503 0 3
880032504 1 5
880032505 0 3
880032506 3 0
880032507 1 5
880032508 8 4
880032509 2 2
880032510 7 7
880032511 3 2
880032512 7 8
880032513 3 0
880032514 4 2
880032515 0 4
880032516 6 3
880032517 5 6
880032518 3 5
880032519 1 8
880032520 2 5
880032521 7 4
880032522 5 1
880032523 6 1
880032524 2 4
880032525 0 6
880032526 1 5
880032527 0 5
880032528 2 6
880032529 3 3
880032530 4 5
880032531 4 6
880032532 2 8
880032533 0 0
880032534 6 1
880032535 5 3
880032536 1 1
880032537 5 3
880032538 7 7
880032539 5 4
880032540 0 7
880032541 7 1
880032542 8 0
880032543 1 2
880032544 5 5
880032545 5 8
880032546 4 4
880032547 0 1
880032548 0 8
880032549 1 7
880032550 7 6
880032551 5 4
880032552 5 3
880032553 6 2
880032554 5 4
880032555 0 0
880032556 6 1
880032557 3 1
880032558 7 5
880032559 4 4
880032560 7 0
880032561 8 6
880032562 2 6
880032563 1 0
880032564 5 7
880032565 6 8
880032566 0 4
880032567 3 8
880032568 3 2
880032569 2 8
880032570 5 5
880032571 4 2
880032572 3 3
880032573 2 4
880032574 6 4
880032575 7 4
880032576 8 3
880032577 6 8
880032578 2 2
880032579 7 1
880032580 0 0
880032581 5 5
880032582 2 0
880032583 2 1
880032584 0 7
880032585 3 5
880032586 0 3
880032587 2 7
880032588 1 7
880032589 4 1
880032590 7 3
880032591 0 0
880032592 0 7
880032593 1 6
880032594 3 8
880032595 5 7
880032596 2 3
880032597 0 7
880032598 8 6
880032599 4 3
880032600 1 1
880032601 6 2
880032602 5 6
880032603 2 8
880032604 1 7
880032605 5 2
880032606 8 2
880032607 0 0
880032608 1 4
880032609 2 6
880032610 1 6
880032611 3 3
880032612 1 0
880032613 7 6
880032614 1 2
880032615 5 1
880032616 6 5
880032617 0 8
880032618 1 6
880032619 7 2
880032620 5 3
880032621 4 8
880032622 0 0
880032623 1 7
880032624 4 2
880032625 2 4
880032626 5 0
880032627 3 2
880032628 4 7
880032629 2 7
880032630 4 0
880032631 1 1
880032632 1 4
880032633 8 7
880032634 5 3
880032635 7 2
880032636 5 7
880032637 8 2
880032638 3 1
880032639 2 4
880032640 3 8
880032641 8 8
880032642 2 4
880032643 6 3
880032644 4 0
880032645 3 8
880032646 7 4
880032647 8 1
880032648 4 4
880032649 2 8
880032650 5 1
880032651 7 3
880032652 8 0
880032653 3 4
880032654 4 1
880032655 0 2
880032656 5 1
880032657 8 6
880032658 7 4
880032659 3 1
880032660 3 2
880032661 6 0
880032662 3 3
880032663 0 4
880032664 0 2
880032665 8 8
880032666 3 1
880032667 3 3
880032668 6 5
880032669 7 8
880032670 5 4
880032671 8 8
880032672 1 3
880032673 4 4
880032674 5 2
880032675 5 6
880032676 2 5
880032677 5 0
880032678 6 7
880032679 2 7
880032680 0 7
880032681 8 3
880032682 5 5
880032683 4 8
880032684 4 5
880032685 4 0
880032686 6 1
880032687 5 6
880032688 4 3
880032689 2 2
880032690 0 0
880032691 0 7
880032692 0 0
880032693 1 5
880032694 3 8
880032695 0 4
880032696 3 4
880032697 3 1
880032698 4 1
880032699 2 6
880032700 1 5
880032701 2 0
880032702 5 6
880032703 7 7
880032704 0 2
880032705 8 3
880032706 5 7
880032707 8 0
880032708 7 2
880032709 6 8
880032710 6 3
880032711 1 1
880032712 2 2
880032713 0 0
880032714 3 3
880032715 7 0
880032716 8 2
880032717 6 8
880032718 0 1
880032719 4 6
880032720 8 7
880032721 0 3
880032722 5 5
880032723 1 8
880032724 4 8
880032725 7 4
880032726 1 8
880032727 2 2
880032728 0 5
880032729 1 0
880032730 5 6
880032731 2 7
880032732 0 8
880032733 6 4
880032734 4 3
880032735 7 1
880032736 8 1
880032737 0 7
880032738 3 4
880032739 7 6
880032740 3 2
880032741 8 1
880032742 8 8
880032743 1 4
880032744 6 8
880032745 3 4
880032746 4 7
880032747 4 6
880032748 4 0
880032749 3 0
880032750 6 2
880032751 1 8
880032752 1 7
880032753 4 4
880032754 0 2
880032755 5 1
880032756 5 7
880032757 1 1
880032758 4 0
880032759 3 2
880032760 4 6
880032761 4 0
880032762 4 1
880032763 4 8
880032764 8 4
880032765 3 6
880032766 0 7
880032767 8 3
880032768 4 3
880032769 1 1
880032770 8 0
880032771 1 5
880032772 4 5
880032773 4 0
880032774 0 7
880032775 1 5
880032776 4 2
880032777 3 8
880032778 2 2
880032779 4 8
880032780 7 4
880032781 3 5
880032782 5 4
880032783 2 2
880032784 3 6
880032785 8 0
880032786 2 0
880032787 8 5
880032788 8 8
880032789 2 0
880032790 3 0
880032791 0 7
880032792 2 1
880032793 7 4
880032794 2 4
880032795 7 6
880032796 4 6
880032797 7 5
880032798 5 4
880032799 4 7
880032800 3 3
880032801 1 2
880032802 0 1
880032803 4 2
880032804 6 1
880032805 8 6
880032806 0 8
880032807 4 7
880032808 5 0
880032809 3 1
880032810 3 5
880032811 8 3
880032812 1 8
880032813 8 0
880032814 8 1
880032815 1 7
880032816 5 1
880032817 3 0
880032818 3 4
880032819 7 1
880032820 6 6
880032821 7 5
880032822 2 4
880032823 8 0
880032824 7 8
880032825 3 3
880032826 4 0
880032827 7 0
880032828 6 5
880032829 7 0
880032830 0 0
880032831 2 2
880032832 3 8
880032833 1 6
880032834 5 3
880032835 7 4
880032836 0 3
880032837 1 0
880032838 6 0
880032839 6 7
880032840 1 1
880032841 3 6
880032842 6 8
880032843 8 0
880032844 5 7
880032845 2 7
880032846 2 8
880032847 1 7
880032848 8 1
880032849 0 4
880032850 0 5
880032851 1 7
880032852 5 8
880032853 3 4
880032854 3 2
880032855 8 1
880032856 3 5
880032857 6 3
880032858 8 6
880032859 3 2
880032860 6 7
880032861 7 5
880032862 3 6
880032863 6 0
880032864 7 0
880032865 5 5
880032866 4 0
880032867 2 0
880032868 2 2
880032869 7 8
880032870 1 3
880032871 7 1
880032872 5 8
880032873 8 4
880032874 0 8
880032875 2 3
880032876 0 3
880032877 6 0
880032878 7 2
880032879 5 8
880032880 4 7
880032881 8 5
880032882 3 5
880032883 8 1
880032884 1 2
880032885 0 3
880032886 4 6
880032887 5 4
880032888 5 1
880032889 5 4
880032890 5 6
880032891 6 2
880032892 3 7
880032893 2 1
880032894 2 1
880032895 6 5
880032896 2 5
880032897 1 8
880032898 0 5
880032899 4 3
880032900 1 4
880032901 6 7
880032902 0 0
880032903 1 6
880032904 3 0
880032905 6 5
880032906 3 1
880032907 0 4
880032908 6 1
880032909 8 4
880032910 5 3
880032911 5 3
880032912 3 6
880032913 0 2
880032914 7 1
880032915 5 6
880032916 7 2
880032917 5 7
880032918 7 0
880032919 0 4
880032920 1 7
880032921 8 7
880032922 8 1
880032923 4 3
880032924 0 2
880032925 0 0
880032926 1 8
880032927 7 7
880032928 2 7
880032929 4 0
880032930 3 1
880032931 6 4
880032932 6 1
880032933 4 2
880032934 7 1
880032935 0 4
880032936 4 1
880032937 5 3
880032938 5 1
880032939 4 2
880032940 5 1
880032941 3 8
880032942 1 0
880032943 3 0
880032944 2 8
880032945 1 6
880032946 4 7
880032947 1 7
880032948 6 2
880032949 0 0
880032950 2 6
880032951 4 7
880032952 2 3
880032953 6 0
880032954 6 5
880032955 6 4
880032956 8 2
880032957 8 0
880032958 6 7
880032959 4 4
880032960 7 0
880032961 7 8
880032962 4 1
880032963 7 4
880032964 4 1
880032965 7 1
880032966 8 3
880032967 5 6
880032968 8 3
880032969 0 0
880032970 6 7
880032971 3 4
880032972 4 7
880032973 1 3
880032974 0 1
880032975 4 8
880032976 8 5
880032977 5 3
880032978 4 5
880032979 4 3
880032980 7 1
880032981 7 7
880032982 1 6
880032983 8 2
880032984 3 6
880032985 3 0
880032986 2 6
880032987 8 3
880032988 3 8
880032989 5 5
880032990 8 5
880032991 1 0
880032992 1 3
880032993 3 2
880032994 3 7
880032995 6 0
880032996 4 2
880032997 6 3
880032998 6 5
880032999 7 0
880033000 2 1
